-7.27220521664304e-05 4320.0 120
0.565495 0.469923 4320.00
0.914991 1.096780 8640.00
0.997495 1.723636 12960.00
0.864000 2.193559 17280.00
0.648000 2.409559 21600.00
0.514505 2.371636 25920.00
0.597009 2.176780 30240.00
0.946505 1.981923 34560.00
1.512000 1.944000 38880.00
2.160000 2.160000 43200.00
2.725495 2.629923 47520.00
3.074991 3.256780 51840.00
3.157495 3.883636 56160.00
3.024000 4.353559 60480.00
2.808000 4.569559 64800.00
2.674505 4.531636 69120.00
2.757009 4.336780 73440.00
3.106505 4.141923 77760.00
3.672000 4.104000 82080.00
4.320000 4.320000 86400.00
4.885495 4.789923 90720.00
5.234991 5.416780 95040.00
5.317495 6.043636 99360.00
5.184000 6.513559 103680.00
4.968000 6.729559 108000.00
4.834505 6.691636 112320.00
4.917009 6.496780 116640.00
5.266505 6.301923 120960.00
5.832000 6.264000 125280.00
6.480000 6.480000 129600.00
7.045495 6.949923 133920.00
7.394991 7.576780 138240.00
7.477495 8.203636 142560.00
7.344000 8.673559 146880.00
7.128000 8.889559 151200.00
6.994505 8.851636 155520.00
7.077009 8.656780 159840.00
7.426505 8.461923 164160.00
7.992000 8.424000 168480.00
8.640000 7.344000 172800.00
9.967265 6.765437 177120.00
11.549330 6.991808 181440.00
12.864404 8.019150 185760.00
13.492678 9.537559 190080.00
13.276678 11.049559 194400.00
12.381413 12.060122 198720.00
11.231348 12.265752 203040.00
10.348274 11.670409 207360.00
10.152000 10.584000 211680.00
10.800000 9.504000 216000.00
12.127265 8.925437 220320.00
13.709330 9.151808 224640.00
15.024404 10.179150 228960.00
15.652678 11.697559 233280.00
15.436678 13.209559 237600.00
14.541413 14.220122 241920.00
13.391348 14.425752 246240.00
12.508274 13.830409 250560.00
12.312000 12.744000 254880.00
12.960000 11.664000 259200.00
14.287265 11.085437 263520.00
15.869330 11.311808 267840.00
17.184404 12.339150 272160.00
17.812678 13.857559 276480.00
17.596678 15.369559 280800.00
16.701413 16.380122 285120.00
15.551348 16.585752 289440.00
14.668274 15.990409 293760.00
14.472000 14.904000 298080.00
15.120000 13.824000 302400.00
16.447265 13.245437 306720.00
18.029330 13.471808 311040.00
19.344404 14.499150 315360.00
19.972678 16.017559 319680.00
19.756678 17.529559 324000.00
18.861413 18.540122 328320.00
17.711348 18.745752 332640.00
16.828274 18.150409 336960.00
16.632000 17.064000 341280.00
17.280000 16.416000 345600.00
18.353342 16.186933 349920.00
19.524550 16.546798 354240.00
20.428767 17.440645 358560.00
20.803119 18.609559 362880.00
20.587119 19.689559 367200.00
19.945777 20.350627 371520.00
19.206569 20.422761 375840.00
18.734351 19.960914 380160.00
18.792000 19.224000 384480.00
19.440000 18.576000 388800.00
20.513342 18.346933 393120.00
21.684550 18.706798 397440.00
22.588767 19.600645 401760.00
22.963119 20.769559 406080.00
22.747119 21.849559 410400.00
22.105777 22.510627 414720.00
21.366569 22.582761 419040.00
20.894351 22.120914 423360.00
20.952000 21.384000 427680.00
21.600000 20.736000 432000.00
22.673342 20.506933 436320.00
23.844550 20.866798 440640.00
24.748767 21.760645 444960.00
25.123119 22.929559 449280.00
24.907119 24.009559 453600.00
24.265777 24.670627 457920.00
23.526569 24.742761 462240.00
23.054351 24.280914 466560.00
23.112000 23.544000 470880.00
23.760000 22.896000 475200.00
24.833342 22.666933 479520.00
26.004550 23.026798 483840.00
26.908767 23.920645 488160.00
27.283119 25.089559 492480.00
27.067119 26.169559 496800.00
26.425777 26.830627 501120.00
25.686569 26.902761 505440.00
25.214351 26.440914 509760.00
25.272000 25.704000 514080.00
25.920000 25.056000 518400.00
