-7.27220521664304e-05 4320.0 120
0.570387 0.463051 4320.00
0.935822 1.084382 8640.00
1.042610 1.718349 12960.00
0.929993 2.214769 17280.00
0.716051 2.472880 21600.00
0.555269 2.477551 25920.00
0.583035 2.304718 30240.00
0.866983 2.094095 34560.00
1.382699 1.998977 38880.00
2.022489 2.131156 43200.00
2.634076 2.520750 47520.00
3.075318 3.105382 51840.00
3.265280 3.752597 56160.00
3.213319 4.307449 60480.00
3.015718 4.648182 64800.00
2.821093 4.729977 69120.00
2.776990 4.601056 73440.00
2.976869 4.385357 77760.00
3.426523 4.237998 82080.00
4.041995 4.289541 86400.00
4.679747 4.599080 90720.00
5.188234 5.133003 95040.00
5.462360 5.777075 99360.00
5.481239 6.377480 103680.00
5.315701 6.796094 108000.00
5.102839 6.960113 112320.00
4.996754 6.888215 116640.00
5.113177 6.683848 120960.00
5.487887 6.498059 125280.00
6.063858 6.475218 129600.00
6.711744 6.701146 133920.00
7.276359 7.172275 138240.00
7.632440 7.796933 142560.00
7.729651 8.428281 146880.00
7.610677 8.917074 151200.00
7.395880 9.165293 155520.00
7.240055 9.161362 159840.00
7.276806 8.984305 164160.00
7.570541 8.775356 168480.00
8.834480 7.624049 172800.00
10.692077 7.317684 177120.00
12.553473 8.043958 181440.00
13.827442 9.619520 185760.00
14.133835 11.555850 190080.00
13.440171 13.234798 194400.00
12.073312 14.130698 198720.00
10.602011 13.999246 203040.00
9.632551 12.965290 207360.00
9.590891 11.477964 211680.00
10.569615 10.149309 216000.00
12.294660 9.534351 220320.00
14.223794 9.931671 224640.00
15.741454 11.276116 228960.00
16.379926 13.162213 233280.00
15.987407 14.989862 237600.00
14.782551 16.179963 241920.00
13.275900 16.382503 246240.00
12.086439 15.602317 250560.00
11.719179 14.197357 254880.00
12.383696 12.750065 259200.00
13.918831 11.858098 263520.00
15.850590 11.919571 267840.00
17.562465 12.990008 272160.00
18.516958 14.762393 276480.00
18.448714 16.677485 280800.00
17.459866 18.124764 285120.00
15.983342 18.661807 289440.00
14.627300 18.173256 293760.00
13.956608 16.912271 298080.00
14.289872 15.409564 302400.00
15.584957 14.282700 306720.00
17.454126 14.014200 311040.00
19.303360 14.778153 315360.00
20.545805 16.377669 319680.00
20.812638 18.315622 324000.00
20.085594 19.973279 328320.00
18.703528 20.832623 332640.00
17.240657 20.662486 336960.00
16.300236 19.601616 341280.00
16.050739 18.463206 345600.00
16.659429 17.301922 349920.00
17.985204 16.612652 354240.00
19.629300 16.720677 358560.00
21.078571 17.664796 362880.00
21.889879 19.183380 367200.00
21.849316 20.808383 371520.00
21.049072 22.033522 375840.00
19.854303 22.496193 380160.00
18.771928 22.107761 384480.00
18.268480 21.085411 388800.00
18.602472 19.874109 393120.00
19.731506 18.986712 397440.00
21.327511 18.819695 401760.00
22.894622 19.510683 406080.00
23.947357 20.889004 410400.00
24.185060 22.537011 414720.00
23.599933 23.940155 419040.00
22.479837 24.671870 423360.00
21.304859 24.546850 427680.00
20.574806 23.687629 432000.00
20.629614 22.480558 436320.00
21.527204 21.436974 440640.00
23.022665 21.009473 444960.00
24.656261 21.429277 449280.00
25.918621 22.623156 453600.00
26.433765 24.239737 457920.00
26.094206 25.775763 462240.00
25.099566 26.756921 466560.00
23.884854 26.908274 470880.00
22.964155 26.253051 475200.00
22.745907 25.104301 479520.00
23.386145 23.952406 483840.00
24.732432 23.288879 488160.00
26.378631 23.429753 492480.00
27.810844 24.402021 496800.00
28.592059 25.933942 501120.00
28.519183 27.552677 505440.00
27.696015 28.754195 509760.00
26.495950 29.184379 514080.00
25.427809 28.766268 518400.00
