-7.27220521664304e-05 4320.0 120
0.5654953415699773 0.46992322899034844 4320.0
0.9149906831399546 1.096779644029855 8640.0
0.9974953415699773 1.7236360590693613 12960.0
0.8640000000000001 2.19355928805971 17280.0
0.6480000000000001 2.40955928805971 21600.0
0.5145046584300228 2.371636059069362 25920.0
0.5970093168600454 2.1767796440298555 30240.0
0.9465046584300226 1.981923228990349 34560.0
1.512 1.9440000000000006 38880.0
2.16 2.1600000000000006 43200.0
2.7254953415699776 2.629923228990349 47520.0
3.074990683139955 3.2567796440298555 51840.0
3.1574953415699776 3.883636059069362 56160.0
3.0240000000000005 4.353559288059711 60480.0
2.8080000000000003 4.569559288059711 64800.0
2.6745046584300227 4.5316360590693625 69120.0
2.7570093168600454 4.336779644029856 73440.0
3.1065046584300227 4.14192322899035 77760.0
3.6719999999999997 4.104000000000001 82080.0
4.32 4.320000000000001 86400.0
4.885495341569977 4.789923228990349 90720.0
5.234990683139955 5.416779644029856 95040.0
5.317495341569978 6.043636059069363 99360.0
5.184 6.513559288059712 103680.0
4.968 6.729559288059712 108000.0
4.834504658430022 6.6916360590693635 112320.0
4.917009316860045 6.496779644029857 116640.0
5.266504658430022 6.301923228990351 120960.0
5.831999999999999 6.264000000000002 125280.0
6.479999999999999 6.480000000000002 129600.0
7.045495341569976 6.94992322899035 133920.0
7.3949906831399534 7.576779644029857 138240.0
7.477495341569976 8.203636059069364 142560.0
7.3439999999999985 8.673559288059712 146880.0
7.127999999999998 8.889559288059711 151200.0
6.994504658430021 8.851636059069364 155520.0
7.077009316860043 8.656779644029857 159840.0
7.42650465843002 8.46192322899035 164160.0
7.991999999999997 8.424000000000003 168480.0
9.401769686971043 7.591513975290071 172800.0
11.19983427365954 7.660951179570487 177120.0
12.781898860348036 8.688293619319925 181440.0
13.626173205749105 10.363636059069364 185760.0
13.492677864179127 12.129559288059713 190080.0
12.514908177208081 13.394045312769645 194400.0
11.148843590519585 13.756608108489228 198720.0
9.998779003831087 13.161265668739789 203040.0
9.58650465843002 11.91792322899035 207360.0
10.151999999999997 10.584000000000001 211680.0
11.561769686971044 9.75151397529007 216000.0
13.35983427365954 9.820951179570487 220320.0
14.941898860348036 10.848293619319925 224640.0
15.786173205749105 12.523636059069364 228960.0
15.652677864179127 14.289559288059714 233280.0
14.674908177208081 15.554045312769645 237600.0
13.308843590519585 15.916608108489228 241920.0
12.158779003831087 15.32126566873979 246240.0
11.74650465843002 14.07792322899035 250560.0
12.311999999999998 12.744000000000002 254880.0
13.721769686971044 11.91151397529007 259200.0
15.51983427365954 11.980951179570487 263520.0
17.101898860348037 13.008293619319925 267840.0
17.946173205749105 14.683636059069364 272160.0
17.812677864179125 16.449559288059714 276480.0
16.83490817720808 17.714045312769645 280800.0
15.468843590519585 18.07660810848923 285120.0
14.318779003831088 17.48126566873979 289440.0
13.90650465843002 16.237923228990354 293760.0
14.471999999999998 14.904000000000005 298080.0
15.881769686971044 14.071513975290074 302400.0
17.67983427365954 14.140951179570491 306720.0
19.261898860348037 15.168293619319929 311040.0
20.106173205749105 16.843636059069368 315360.0
19.972677864179126 18.609559288059717 319680.0
18.99490817720808 19.87404531276965 324000.0
17.628843590519583 20.236608108489232 328320.0
16.478779003831086 19.641265668739795 332640.0
16.06650465843002 18.397923228990358 336960.0
16.631999999999998 17.06400000000001 341280.0
17.787846457980695 16.581009316860055 345600.0
19.175054629629685 16.78394186271045 349920.0
20.346262801278677 17.67778896088991 354240.0
20.936613917689396 19.003636059069372 358560.0
20.803118576119417 20.33755928805972 362880.0
20.079272118138718 21.252549971199674 367200.0
19.124063946489727 21.48161742534928 371520.0
18.384855774840737 21.01977032716982 375840.0
18.226504658430017 20.12592322899036 380160.0
18.791999999999994 19.22400000000001 384480.0
19.947846457980692 18.741009316860055 388800.0
21.33505462962968 18.94394186271045 393120.0
22.506262801278673 19.83778896088991 397440.0
23.096613917689393 21.163636059069372 401760.0
22.963118576119413 22.49755928805972 406080.0
22.239272118138715 23.412549971199674 410400.0
21.284063946489724 23.64161742534928 414720.0
20.544855774840734 23.17977032716982 419040.0
20.386504658430013 22.28592322899036 423360.0
20.95199999999999 21.38400000000001 427680.0
22.10784645798069 20.901009316860055 432000.0
23.495054629629678 21.10394186271045 436320.0
24.66626280127867 21.99778896088991 440640.0
25.25661391768939 23.323636059069372 444960.0
25.12311857611941 24.657559288059723 449280.0
24.39927211813871 25.572549971199678 453600.0
23.44406394648972 25.801617425349285 457920.0
22.70485577484073 25.339770327169823 462240.0
22.54650465843001 24.445923228990363 466560.0
23.111999999999988 23.544000000000015 470880.0
24.267846457980685 23.06100931686006 475200.0
25.655054629629674 23.263941862710453 479520.0
26.826262801278666 24.157788960889913 483840.0
27.416613917689386 25.483636059069376 488160.0
27.283118576119406 26.817559288059726 492480.0
26.559272118138708 27.73254997119968 496800.0
25.604063946489717 27.96161742534929 501120.0
24.864855774840727 27.499770327169827 505440.0
24.706504658430006 26.605923228990367 509760.0
25.271999999999984 25.70400000000002 514080.0
26.42784645798068 25.221009316860062 518400.0
