-7.27220521664304e-05 4320.0 120
0.570386739726382 0.4630506804404831 4320.0
0.9358217457166337 1.0843816303871823 8640.0
1.0426099345730184 1.7183490696772918 12960.0
0.9299933651994374 2.2147686665908077 17280.0
0.7160507567117018 2.4728798694561007 21600.0
0.5552693664027603 2.4775512535119715 25920.0
0.5830345281258701 2.3047175542794163 30240.0
0.866982906213192 2.094094749081074 34560.0
1.3826992453237001 1.9989772213360193 38880.0
2.0224892758479514 2.131155923157962 43200.0
2.6340764888024113 2.5207495778430427 47520.0
3.075318229928054 3.105382400655512 51840.0
3.265280490528271 3.752597006306746 56160.0
3.2133191680334883 4.307449082656954 60480.0
3.015718298860606 4.648182081576393 64800.0
2.821093215919391 4.729976860889861 69120.0
2.7769899906783273 4.601056127649314 73440.0
2.976869082945943 4.385357023719408 77760.0
3.426523067757797 4.237997951476065 82080.0
4.041995243552915 4.28954132872856 86400.0
4.679747008701412 4.5990798159631066 90720.0
5.188234245058251 5.1330031032013 95040.0
5.462360248910123 5.777074788408594 99360.0
5.481239146805081 6.377479875660173 103680.0
5.31570062116489 6.796093679366409 108000.0
5.102839342799385 6.960112875999155 112320.0
4.996754024759763 6.888215241581439 116640.0
5.113176572691026 6.683848341077249 120960.0
5.487887221337593 6.4980586821682795 125280.0
6.063857957358721 6.47521758602189 129600.0
6.711743862116937 6.701145590412369 133920.0
7.27635941184138 7.172275358354735 138240.0
7.63243984080893 7.796933495946865 142560.0
7.729651358312649 8.42828069580047 146880.0
7.610677119026112 8.917074132331496 151200.0
7.395880284147019 9.165293490769491 155520.0
7.240055052150008 9.161361690316783 159840.0
7.27680590686509 8.984304768339028 164160.0
7.5705407675831085 8.775356193298293 168480.0
8.834479934990137 7.624048543967006 172800.0
10.692077226906173 7.317683692852842 177120.0
12.55347283832221 8.043958117489662 181440.0
13.82744214959981 9.619519680237149 185760.0
14.133834940749674 11.55584983744934 190080.0
13.44017121535341 13.234798439828719 194400.0
12.073311933969574 14.130697845507706 198720.0
10.60201112151741 13.999246158500926 203040.0
9.632550801685515 12.965289944623956 207360.0
9.590891346451478 11.477964282387257 211680.0
10.569615118597882 10.149309254910781 216000.0
12.294659716992902 9.534351309789365 220320.0
14.223794256545192 9.931670795500505 224640.0
15.741454121967731 11.276115876686898 228960.0
16.379926045099584 13.162212933947602 233280.0
15.98740714016145 14.98986160808179 237600.0
14.782550815256943 16.179963250870905 241920.0
13.275900087776018 16.38250302743184 246240.0
12.086438935832167 15.602317473991995 250560.0
11.719178573269266 14.19735663055111 254880.0
12.383696492341386 12.750065200050486 259200.0
13.918830943093315 11.858098139463845 263520.0
15.850589678015304 11.919570892531494 267840.0
17.5624651542359 12.990008289973463 272160.0
18.516958424195693 14.762393331256527 276480.0
18.448713606544203 16.677484732607223 280800.0
17.459865733752782 18.124763868276947 285120.0
15.983341525919 18.66180671962584 289440.0
14.62729988055213 18.173255960817208 293760.0
13.95660782257266 16.912271228051928 298080.0
14.289872118084809 15.40956363468311 302400.0
15.584957284271967 14.282700309314356 306720.0
17.454125738445782 14.014199774092617 311040.0
19.303359918060295 14.778153075975636 315360.0
20.54580505704981 16.37766927868177 319680.0
20.812638221483848 18.31562244177861 324000.0
20.085594005706156 19.97327923644017 328320.0
18.703527669756937 20.83262260697525 332640.0
17.240657447277552 20.662485995686417 336960.0
16.30023607689263 19.601616260504844 341280.0
16.050738955965667 18.463205803620585 345600.0
16.6594288122889 17.30192226997562 349920.0
17.985204071669628 16.612652073307704 354240.0
19.629299567202576 16.720677488579508 358560.0
21.078571098006357 17.66479601369587 362880.0
21.88987873672765 19.18337962736096 367200.0
21.849316156019466 20.808383139595435 371520.0
21.049071588997435 22.033522493355328 375840.0
19.85430269344828 22.496193080697502 380160.0
18.771927865095055 22.107761065986615 384480.0
18.268479990445602 21.085411353275738 388800.0
18.60247154703913 19.874108565538897 393120.0
19.73150573213498 18.986712067377386 397440.0
21.32751050940651 18.819695005072727 401760.0
22.894621666088845 19.510683318189216 406080.0
23.94735706393118 20.889003897593348 410400.0
24.18506039639237 22.53701095786533 414720.0
23.599933207957996 23.940154792141513 419040.0
22.479837040240227 24.671870106940887 423360.0
21.30485883590417 24.54684974043653 427680.0
20.574805786653826 23.687629352184498 432000.0
20.629614288526774 22.480557830355647 436320.0
21.527203775310188 21.436974158337367 440640.0
23.022665069978682 21.009472759151674 444960.0
24.656261309230747 21.429276973453362 449280.0
25.918620891770214 22.62315573860606 453600.0
26.433765212877496 24.239737021666055 457920.0
26.09420554082355 25.775763046445885 462240.0
25.09956593775952 26.75692120447709 466560.0
23.88485421206578 26.908274369510792 470880.0
22.964154630144105 26.253051484269697 475200.0
22.745906823960237 25.104300921663757 479520.0
23.38614499723916 23.952405740137888 483840.0
24.732431614051702 23.288878924649474 488160.0
26.37863135321981 23.429752621717633 492480.0
27.81084391567258 24.40202126329997 496800.0
28.592059013642928 25.933941909971 501120.0
28.51918319106904 27.552677100390415 505440.0
27.696015496118427 28.754195114979577 509760.0
26.49595033979173 29.18437898072623 514080.0
25.427809173674067 28.76626801189609 518400.0
