      0.0000    -80.0000      0.0000     25.5000
     10.0000    -79.8367      0.0288     25.5000
     20.0000    -79.4158      0.0522     25.5000
     30.0000    -78.7874      0.0709     25.5000
     40.0000    -77.9944      0.0856     25.5000
     50.0000    -77.0734      0.0969     25.5000
     60.0000    -76.0558      0.1053     25.5000
     70.0000    -74.9680      0.1113     25.5000
     80.0000    -73.8324      0.1152     25.5000
     90.0000    -72.6677      0.1173     25.5000
    100.0000    -71.4897      0.1180     25.5000
    110.0000    -70.3113      0.1175     25.5000
    120.0000    -69.1431      0.1161     25.5000
    130.0000    -67.9938      0.1139     25.5000
    140.0000    -66.8703      0.1110     25.5000
    150.0000    -65.7780      0.1077     25.5000
    160.0000    -64.7212      0.1040     25.5000
    170.0000    -63.7029      0.1000     25.5000
    180.0000    -62.7254      0.0959     25.5000
    190.0000    -61.7901      0.0916     25.5000
    200.0000    -60.8977      0.0873     25.5000
    210.0000    -60.0487      0.0830     25.5000
    220.0000    -59.2428      0.0787     25.5000
    230.0000    -58.4795      0.0744     25.5000
    240.0000    -57.7580      0.0703     25.5000
    250.0000    -57.0773      0.0663     25.5000
    260.0000    -56.4361      0.0624     25.5000
    270.0000    -55.8332      0.0586     25.5000
    280.0000    -55.2669      0.0550     25.5000
    290.0000    -54.7359      0.0516     25.5000
    300.0000    -54.2386      0.0483     25.5000
    310.0000    -53.7733      0.0451     25.5000
    320.0000    -53.3385      0.0422     25.5000
    330.0000    -52.9326      0.0393     25.5000
    340.0000    -52.5541      0.0367     25.5000
    350.0000    -52.2014      0.0341     25.5000
    360.0000    -51.8730      0.0318     25.5000
    370.0000    -51.5676      0.0295     25.5000
    380.0000    -51.2838      0.0275     25.5000
    390.0000    -51.0201      0.0255     25.5000
    400.0000    -50.7754      0.0236     25.5000
    410.0000    -50.5485      0.0219     25.5000
    420.0000    -50.3382      0.0203     25.5000
    430.0000    -50.1433      0.0188     25.5000
    440.0000    -49.9630      0.0174     25.5000
    450.0000    -49.7961      0.0161     25.5000
    460.0000    -49.6417      0.0149     25.5000
    470.0000    -49.4991      0.0138     25.5000
    480.0000    -49.3673      0.0127     25.5000
    490.0000    -49.2456      0.0117     25.5000
    500.0000    -49.1333      0.0108     25.5000
    510.0000    -49.0297      0.0100     25.5000
    520.0000    -48.9341      0.0092     25.5000
    530.0000    -48.8461      0.0085     25.5000
    540.0000    -48.7649      0.0078     25.5000
    550.0000    -48.6901      0.0072     25.5000
    560.0000    -48.6213      0.0066     25.5000
    570.0000    -48.5580      0.0061     25.5000
    580.0000    -48.4997      0.0056     25.5000
    590.0000    -48.4461      0.0052     25.5000
    600.0000    -48.3968      0.0047     25.5000
    610.0000    -48.3515      0.0044     25.5000
    620.0000    -48.3098      0.0040     25.5000
    630.0000    -48.2716      0.0037     25.5000
    640.0000    -48.2365      0.0034     25.5000
    650.0000    -48.2042      0.0031     25.5000
    660.0000    -48.1746      0.0028     25.5000
    670.0000    -48.1475      0.0026     25.5000
    680.0000    -48.1225      0.0024     25.5000
    690.0000    -48.0997      0.0022     25.5000
    700.0000    -48.0787      0.0020     25.5000
    710.0000    -48.0595      0.0018     25.5000
    720.0000    -48.0419      0.0017     25.5000
    730.0000    -48.0258      0.0016     25.5000
    740.0000    -48.0110      0.0014     25.5000
    750.0000    -47.9975      0.0013     25.5000
    760.0000    -47.9851      0.0012     25.5000
    770.0000    -47.9737      0.0011     25.5000
    780.0000    -47.9633      0.0010     25.5000
    790.0000    -47.9538      0.0009     25.5000
    800.0000    -47.9451      0.0008     25.5000
    810.0000    -47.9372      0.0008     25.5000
    820.0000    -47.9299      0.0007     25.5000
    830.0000    -47.9233      0.0006     25.5000
    840.0000    -47.9172      0.0006     25.5000
    850.0000    -47.9116      0.0005     25.5000
    860.0000    -47.9066      0.0005     25.5000
    870.0000    -47.9019      0.0004     25.5000
    880.0000    -47.8977      0.0004     25.5000
    890.0000    -47.8938      0.0004     25.5000
    900.0000    -47.8903      0.0003     25.5000
    910.0000    -47.8870      0.0003     25.5000
    920.0000    -47.8841      0.0003     25.5000
    930.0000    -47.8814      0.0003     25.5000
    940.0000    -47.8789      0.0002     25.5000
    950.0000    -47.8767      0.0002     25.5000
    960.0000    -47.8746      0.0002     25.5000
    970.0000    -47.8728      0.0002     25.5000
    980.0000    -47.8711      0.0002     25.5000
    990.0000    -47.8695      0.0001     25.5000
   1000.0000    -47.8681      0.0001     25.5000
   1010.0000    -47.8668      0.0001     25.5000
   1020.0000    -47.8656      0.0001     25.5000
   1030.0000    -47.8646      0.0001     25.5000
   1040.0000    -47.8636      0.0001     25.5000
   1050.0000    -47.8627      0.0001     25.5000
   1060.0000    -47.8619      0.0001     25.5000
   1070.0000    -47.8611      0.0001     25.5000
   1080.0000    -47.8605      0.0001     25.5000
   1090.0000    -47.8598      0.0001     25.5000
   1100.0000    -47.8593      0.0001     25.5000
   1110.0000    -47.8588      0.0000     25.5000
   1120.0000    -47.8583      0.0000     25.5000
   1130.0000    -47.8579      0.0000     25.5000
   1140.0000    -47.8575      0.0000     25.5000
   1150.0000    -47.8572      0.0000     25.5000
   1160.0000    -47.8568      0.0000     25.5000
   1170.0000    -47.8565      0.0000     25.5000
   1180.0000    -47.8563      0.0000     25.5000
   1190.0000    -47.8560      0.0000     25.5000
   1200.0000    -47.8558      0.0000     25.5000
   1210.0000    -47.8556      0.0000     25.5000
   1220.0000    -47.8554      0.0000     25.5000
   1230.0000    -47.8553      0.0000     25.5000
   1240.0000    -47.8551      0.0000     25.5000
   1250.0000    -47.8550      0.0000     25.5000
   1260.0000    -47.8549      0.0000     25.5000
   1270.0000    -47.8548      0.0000     25.5000
   1280.0000    -47.8547      0.0000     25.5000
   1290.0000    -47.8546      0.0000     25.5000
   1300.0000    -47.8545      0.0000     25.5000
   1310.0000    -47.8544      0.0000     25.5000
   1320.0000    -47.8543      0.0000     25.5000
   1330.0000    -47.8543      0.0000     25.5000
   1340.0000    -47.8542      0.0000     25.5000
   1350.0000    -47.8542      0.0000     25.5000
   1360.0000    -47.8541      0.0000     25.5000
   1370.0000    -47.8541      0.0000     25.5000
   1380.0000    -47.8540      0.0000     25.5000
   1390.0000    -47.8540      0.0000     25.5000
   1400.0000    -47.8540      0.0000     25.5000
   1410.0000    -47.8539      0.0000     25.5000
   1420.0000    -47.8539      0.0000     25.5000
   1430.0000    -47.8539      0.0000     25.5000
   1440.0000    -47.8539      0.0000     25.5000
   1450.0000    -47.8539      0.0000     25.5000
   1460.0000    -47.8538      0.0000     25.5000
   1470.0000    -47.8538      0.0000     25.5000
   1480.0000    -47.8538      0.0000     25.5000
   1490.0000    -47.8538      0.0000     25.5000
   1500.0000    -47.8538      0.0000     25.5000
   1510.0000    -47.8538      0.0000     25.5000
   1520.0000    -47.8538      0.0000     25.5000
   1530.0000    -47.8537      0.0000     25.5000
   1540.0000    -47.8537      0.0000     25.5000
   1550.0000    -47.8537      0.0000     25.5000
   1560.0000    -47.8537      0.0000     25.5000
   1570.0000    -47.8537      0.0000     25.5000
   1580.0000    -47.8537      0.0000     25.5000
   1590.0000    -47.8537      0.0000     25.5000
   1600.0000    -47.8537      0.0000     25.5000
   1610.0000    -47.8537      0.0000     25.5000
   1620.0000    -47.8537      0.0000     25.5000
   1630.0000    -47.8537      0.0000     25.5000
   1640.0000    -47.8537      0.0000     25.5000
   1650.0000    -47.8537      0.0000     25.5000
   1660.0000    -47.8537      0.0000     25.5000
   1670.0000    -47.8537      0.0000     25.5000
   1680.0000    -47.8537      0.0000     25.5000
   1690.0000    -47.8537      0.0000     25.5000
   1700.0000    -47.8537      0.0000     25.5000
   1710.0000    -47.8537      0.0000     25.5000
   1720.0000    -47.8537      0.0000     25.5000
   1730.0000    -47.8537      0.0000     25.5000
   1740.0000    -47.8537      0.0000     25.5000
   1750.0000    -47.8537      0.0000     25.5000
   1760.0000    -47.8537      0.0000     25.5000
   1770.0000    -47.8537      0.0000     25.5000
   1780.0000    -47.8537      0.0000     25.5000
   1790.0000    -47.8537      0.0000     25.5000
   1800.0000    -47.8537      0.0000     25.5000
   1810.0000    -47.8537      0.0000     25.5000
   1820.0000    -47.8537      0.0000     25.5000
   1830.0000    -47.8537      0.0000     25.5000
   1840.0000    -47.8537      0.0000     25.5000
   1850.0000    -47.8537      0.0000     25.5000
   1860.0000    -47.8537      0.0000     25.5000
   1870.0000    -47.8537      0.0000     25.5000
   1880.0000    -47.8537      0.0000     25.5000
   1890.0000    -47.8537      0.0000     25.5000
   1900.0000    -47.8537      0.0000     25.5000
   1910.0000    -47.8537      0.0000     25.5000
   1920.0000    -47.8537      0.0000     25.5000
   1930.0000    -47.8537      0.0000     25.5000
   1940.0000    -47.8537      0.0000     25.5000
   1950.0000    -47.8537      0.0000     25.5000
   1960.0000    -47.8537      0.0000     25.5000
   1970.0000    -47.8537      0.0000     25.5000
   1980.0000    -47.8537      0.0000     25.5000
   1990.0000    -47.8537      0.0000     25.5000
   2000.0000    -47.8537      0.0000     25.5000
   2010.0000    -47.8537      0.0000     25.5000
   2020.0000    -47.8537      0.0000     25.5000
   2030.0000    -47.8537      0.0000     25.5000
   2040.0000    -47.8537      0.0000     25.5000
   2050.0000    -47.8537      0.0000     25.5000
   2060.0000    -47.8537      0.0000     25.5000
   2070.0000    -47.8537      0.0000     25.5000
   2080.0000    -47.8537      0.0000     25.5000
   2090.0000    -47.8537      0.0000     25.5000
   2100.0000    -47.8537      0.0000     25.5000
   2110.0000    -47.8537      0.0000     25.5000
   2120.0000    -47.8537      0.0000     25.5000
   2130.0000    -47.8537      0.0000     25.5000
   2140.0000    -47.8537      0.0000     25.5000
   2150.0000    -47.8537      0.0000     25.5000
   2160.0000    -47.8537      0.0000     25.5000
   2170.0000    -47.8537      0.0000     25.5000
   2180.0000    -47.8537      0.0000     25.5000
   2190.0000    -47.8537      0.0000     25.5000
   2200.0000    -47.8537      0.0000     25.5000
   2210.0000    -47.8537      0.0000     25.5000
   2220.0000    -47.8537      0.0000     25.5000
   2230.0000    -47.8537      0.0000     25.5000
   2240.0000    -47.8537      0.0000     25.5000
   2250.0000    -47.8537      0.0000     25.5000
   2260.0000    -47.8537      0.0000     25.5000
   2270.0000    -47.8537      0.0000     25.5000
   2280.0000    -47.8537      0.0000     25.5000
   2290.0000    -47.8537      0.0000     25.5000
   2300.0000    -47.8537      0.0000     25.5000
   2310.0000    -47.8537      0.0000     25.5000
   2320.0000    -47.8537      0.0000     25.5000
   2330.0000    -47.8537      0.0000     25.5000
   2340.0000    -47.8537      0.0000     25.5000
   2350.0000    -47.8537      0.0000     25.5000
   2360.0000    -47.8537      0.0000     25.5000
   2370.0000    -47.8537      0.0000     25.5000
   2380.0000    -47.8537      0.0000     25.5000
   2390.0000    -47.8537      0.0000     25.5000
   2400.0000    -47.8537      0.0000     25.5000
   2410.0000    -47.8537      0.0000     25.5000
   2420.0000    -47.8537      0.0000     25.5000
   2430.0000    -47.8537      0.0000     25.5000
   2440.0000    -47.8537      0.0000     25.5000
   2450.0000    -47.8537      0.0000     25.5000
   2460.0000    -47.8537      0.0000     25.5000
   2470.0000    -47.8537      0.0000     25.5000
   2480.0000    -47.8537      0.0000     25.5000
   2490.0000    -47.8537      0.0000     25.5000
   2500.0000    -47.8537      0.0000     25.5000
   2510.0000    -47.8537      0.0000     25.5000
   2520.0000    -47.8537      0.0000     25.5000
   2530.0000    -47.8537      0.0000     25.5000
   2540.0000    -47.8537      0.0000     25.5000
   2550.0000    -47.8537      0.0000     25.5000
   2560.0000    -47.8537      0.0000     25.5000
   2570.0000    -47.8537      0.0000     25.5000
   2580.0000    -47.8537      0.0000     25.5000
   2590.0000    -47.8537      0.0000     25.5000
   2600.0000    -47.8537      0.0000     25.5000
   2610.0000    -47.8537      0.0000     25.5000
   2620.0000    -47.8537      0.0000     25.5000
   2630.0000    -47.8537      0.0000     25.5000
   2640.0000    -47.8537      0.0000     25.5000
   2650.0000    -47.8537      0.0000     25.5000
   2660.0000    -47.8537      0.0000     25.5000
   2670.0000    -47.8537      0.0000     25.5000
   2680.0000    -47.8537      0.0000     25.5000
   2690.0000    -47.8537      0.0000     25.5000
   2700.0000    -47.8537      0.0000     25.5000
   2710.0000    -47.8537      0.0000     25.5000
   2720.0000    -47.8537      0.0000     25.5000
   2730.0000    -47.8537      0.0000     25.5000
   2740.0000    -47.8537      0.0000     25.5000
   2750.0000    -47.8537      0.0000     25.5000
   2760.0000    -47.8537      0.0000     25.5000
   2770.0000    -47.8537      0.0000     25.5000
   2780.0000    -47.8537      0.0000     25.5000
   2790.0000    -47.8537      0.0000     25.5000
   2800.0000    -47.8537      0.0000     25.5000
   2810.0000    -47.8537      0.0000     25.5000
   2820.0000    -47.8537      0.0000     25.5000
   2830.0000    -47.8537      0.0000     25.5000
   2840.0000    -47.8537      0.0000     25.5000
   2850.0000    -47.8537      0.0000     25.5000
   2860.0000    -47.8537      0.0000     25.5000
   2870.0000    -47.8537      0.0000     25.5000
   2880.0000    -47.8537      0.0000     25.5000
   2890.0000    -47.8537      0.0000     25.5000
   2900.0000    -47.8537      0.0000     25.5000
   2910.0000    -47.8537      0.0000     25.5000
   2920.0000    -47.8537      0.0000     25.5000
   2930.0000    -47.8537      0.0000     25.5000
   2940.0000    -47.8537      0.0000     25.5000
   2950.0000    -47.8537      0.0000     25.5000
   2960.0000    -47.8537      0.0000     25.5000
   2970.0000    -47.8537      0.0000     25.5000
   2980.0000    -47.8537      0.0000     25.5000
   2990.0000    -47.8537      0.0000     25.5000
   3000.0000    -47.8537      0.0000     25.5000
   3010.0000    -47.8537      0.0000     25.5000
   3020.0000    -47.8537      0.0000     25.5000
   3030.0000    -47.8537      0.0000     25.5000
   3040.0000    -47.8537      0.0000     25.5000
   3050.0000    -47.8537      0.0000     25.5000
   3060.0000    -47.8537      0.0000     25.5000
   3070.0000    -47.8537      0.0000     25.5000
   3080.0000    -47.8537      0.0000     25.5000
   3090.0000    -47.8537      0.0000     25.5000
   3100.0000    -47.8537      0.0000     25.5000
   3110.0000    -47.8537      0.0000     25.5000
   3120.0000    -47.8537      0.0000     25.5000
   3130.0000    -47.8537      0.0000     25.5000
   3140.0000    -47.8537      0.0000     25.5000
   3150.0000    -47.8537      0.0000     25.5000
   3160.0000    -47.8537      0.0000     25.5000
   3170.0000    -47.8537      0.0000     25.5000
   3180.0000    -47.8537      0.0000     25.5000
   3190.0000    -47.8537      0.0000     25.5000
   3200.0000    -47.8537      0.0000     25.5000
   3210.0000    -47.8537      0.0000     25.5000
   3220.0000    -47.8537      0.0000     25.5000
   3230.0000    -47.8537      0.0000     25.5000
   3240.0000    -47.8537      0.0000     25.5000
   3250.0000    -47.8537      0.0000     25.5000
   3260.0000    -47.8537      0.0000     25.5000
   3270.0000    -47.8537      0.0000     25.5000
   3280.0000    -47.8537      0.0000     25.5000
   3290.0000    -47.8537      0.0000     25.5000
   3300.0000    -47.8537      0.0000     25.5000
   3310.0000    -47.8537      0.0000     25.5000
   3320.0000    -47.8537      0.0000     25.5000
   3330.0000    -47.8537      0.0000     25.5000
   3340.0000    -47.8537      0.0000     25.5000
   3350.0000    -47.8537      0.0000     25.5000
   3360.0000    -47.8537      0.0000     25.5000
   3370.0000    -47.8537      0.0000     25.5000
   3380.0000    -47.8537      0.0000     25.5000
   3390.0000    -47.8537      0.0000     25.5000
   3400.0000    -47.8537      0.0000     25.5000
   3410.0000    -47.8537      0.0000     25.5000
   3420.0000    -47.8537      0.0000     25.5000
   3430.0000    -47.8537      0.0000     25.5000
   3440.0000    -47.8537      0.0000     25.5000
   3450.0000    -47.8537      0.0000     25.5000
   3460.0000    -47.8537      0.0000     25.5000
   3470.0000    -47.8537      0.0000     25.5000
   3480.0000    -47.8537      0.0000     25.5000
   3490.0000    -47.8537      0.0000     25.5000
   3500.0000    -47.8537      0.0000     25.5000
   3510.0000    -47.8537      0.0000     25.5000
   3520.0000    -47.8537      0.0000     25.5000
   3530.0000    -47.8537      0.0000     25.5000
   3540.0000    -47.8537      0.0000     25.5000
   3550.0000    -47.8537      0.0000     25.5000
   3560.0000    -47.8537      0.0000     25.5000
   3570.0000    -47.8537      0.0000     25.5000
   3580.0000    -47.8537      0.0000     25.5000
   3590.0000    -47.8537      0.0000     25.5000
   3600.0000    -47.8537      0.0000     25.5000
