      0.0000    -80.0000      0.0000     25.5000
     10.0000    -79.8248      0.0317     25.5000
     20.0000    -79.3373      0.0625     25.5000
     30.0000    -78.5483      0.0921     25.5000
     40.0000    -77.4717      0.1202     25.5000
     50.0000    -76.1238      0.1465     25.5000
     60.0000    -74.5234      0.1708     25.5000
     70.0000    -72.6912      0.1930     25.5000
     80.0000    -70.6499      0.2129     25.5000
     90.0000    -68.4239      0.2302     25.5000
    100.0000    -66.0386      0.2449     25.5000
    110.0000    -63.5208      0.2570     25.5000
    120.0000    -60.8982      0.2662     25.5000
    130.0000    -58.1985      0.2726     25.5000
    140.0000    -55.4500      0.2762     25.5000
    150.0000    -52.6809      0.2770     25.5000
    160.0000    -49.9189      0.2751     25.5000
    170.0000    -47.1911      0.2705     25.5000
    180.0000    -44.5239      0.2633     25.5000
    190.0000    -41.9422      0.2536     25.5000
    200.0000    -39.4700      0.2416     25.5000
    210.0000    -37.1296      0.2275     25.5000
    220.0000    -34.9414      0.2114     25.5000
    230.0000    -32.9240      0.1936     25.5000
    240.0000    -31.0940      0.1741     25.5000
    250.0000    -29.4656      0.1534     25.5000
    260.0000    -28.0512      0.1315     25.5000
    270.0000    -26.8603      0.1088     25.5000
    280.0000    -25.9004      0.0854     25.5000
    290.0000    -25.1764      0.0617     25.5000
    300.0000    -24.6907      0.0378     25.5000
    310.0000    -24.4434      0.0140     25.5000
    320.0000    -24.4322     -0.0094     25.5000
    330.0000    -24.6527     -0.0323     25.5000
    340.0000    -25.0980     -0.0544     25.5000
    350.0000    -25.7593     -0.0756     25.5000
    360.0000    -26.6258     -0.0955     25.5000
    370.0000    -27.6848     -0.1142     25.5000
    380.0000    -28.9221     -0.1313     25.5000
    390.0000    -30.3221     -0.1468     25.5000
    400.0000    -31.8674     -0.1606     25.5000
    410.0000    -33.5401     -0.1725     25.5000
    420.0000    -35.3211     -0.1824     25.5000
    430.0000    -37.1906     -0.1904     25.5000
    440.0000    -39.1285     -0.1963     25.5000
    450.0000    -41.1142     -0.2001     25.5000
    460.0000    -43.1273     -0.2020     25.5000
    470.0000    -45.1472     -0.2017     25.5000
    480.0000    -47.1539     -0.1995     25.5000
    490.0000    -49.1278     -0.1954     25.5000
    500.0000    -51.0500     -0.1894     25.5000
    510.0000    -52.9027     -0.1816     25.5000
    520.0000    -54.6689     -0.1723     25.5000
    530.0000    -56.3329     -0.1614     25.5000
    540.0000    -57.8801     -0.1491     25.5000
    550.0000    -59.2977     -0.1356     25.5000
    560.0000    -60.5742     -0.1210     25.5000
    570.0000    -61.6997     -0.1055     25.5000
    580.0000    -62.6663     -0.0893     25.5000
    590.0000    -63.4674     -0.0725     25.5000
    600.0000    -64.0985     -0.0554     25.5000
    610.0000    -64.5567     -0.0380     25.5000
    620.0000    -64.8409     -0.0206     25.5000
    630.0000    -64.9517     -0.0033     25.5000
    640.0000    -64.8915      0.0136     25.5000
    650.0000    -64.6642      0.0301     25.5000
    660.0000    -64.2755      0.0460     25.5000
    670.0000    -63.7322      0.0610     25.5000
    680.0000    -63.0429      0.0752     25.5000
    690.0000    -62.2171      0.0884     25.5000
    700.0000    -61.2659      0.1004     25.5000
    710.0000    -60.2010      0.1112     25.5000
    720.0000    -59.0352      0.1207     25.5000
    730.0000    -57.7819      0.1289     25.5000
    740.0000    -56.4554      0.1355     25.5000
    750.0000    -55.0701      0.1408     25.5000
    760.0000    -53.6409      0.1445     25.5000
    770.0000    -52.1828      0.1467     25.5000
    780.0000    -50.7109      0.1474     25.5000
    790.0000    -49.2398      0.1466     25.5000
    800.0000    -47.7842      0.1445     25.5000
    810.0000    -46.3580      0.1409     25.5000
    820.0000    -44.9748      0.1360     25.5000
    830.0000    -43.6474      0.1299     25.5000
    840.0000    -42.3878      0.1226     25.5000
    850.0000    -41.2070      0.1142     25.5000
    860.0000    -40.1154      0.1049     25.5000
    870.0000    -39.1218      0.0947     25.5000
    880.0000    -38.2341      0.0838     25.5000
    890.0000    -37.4591      0.0723     25.5000
    900.0000    -36.8021      0.0603     25.5000
    910.0000    -36.2672      0.0479     25.5000
    920.0000    -35.8574      0.0353     25.5000
    930.0000    -35.5743      0.0226     25.5000
    940.0000    -35.4180      0.0099     25.5000
    950.0000    -35.3877     -0.0026     25.5000
    960.0000    -35.4810     -0.0148     25.5000
    970.0000    -35.6948     -0.0267     25.5000
    980.0000    -36.0244     -0.0380     25.5000
    990.0000    -36.4644     -0.0488     25.5000
   1000.0000    -37.0081     -0.0588     25.5000
   1010.0000    -37.6482     -0.0681     25.5000
   1020.0000    -38.3765     -0.0765     25.5000
   1030.0000    -39.1840     -0.0841     25.5000
   1040.0000    -40.0613     -0.0906     25.5000
   1050.0000    -40.9982     -0.0961     25.5000
   1060.0000    -41.9843     -0.1005     25.5000
   1070.0000    -43.0089     -0.1039     25.5000
   1080.0000    -44.0610     -0.1061     25.5000
   1090.0000    -45.1298     -0.1073     25.5000
   1100.0000    -46.2043     -0.1074     25.5000
   1110.0000    -47.2738     -0.1064     25.5000
   1120.0000    -48.3278     -0.1044     25.5000
   1130.0000    -49.3563     -0.1014     25.5000
   1140.0000    -50.3497     -0.0975     25.5000
   1150.0000    -51.2987     -0.0927     25.5000
   1160.0000    -52.1950     -0.0870     25.5000
   1170.0000    -53.0307     -0.0806     25.5000
   1180.0000    -53.7988     -0.0736     25.5000
   1190.0000    -54.4930     -0.0659     25.5000
   1200.0000    -55.1078     -0.0578     25.5000
   1210.0000    -55.6388     -0.0492     25.5000
   1220.0000    -56.0823     -0.0403     25.5000
   1230.0000    -56.4356     -0.0312     25.5000
   1240.0000    -56.6973     -0.0220     25.5000
   1250.0000    -56.8663     -0.0127     25.5000
   1260.0000    -56.9430     -0.0035     25.5000
   1270.0000    -56.9283      0.0055     25.5000
   1280.0000    -56.8243      0.0144     25.5000
   1290.0000    -56.6336      0.0229     25.5000
   1300.0000    -56.3600      0.0310     25.5000
   1310.0000    -56.0078      0.0386     25.5000
   1320.0000    -55.5819      0.0457     25.5000
   1330.0000    -55.0881      0.0523     25.5000
   1340.0000    -54.5325      0.0581     25.5000
   1350.0000    -53.9219      0.0633     25.5000
   1360.0000    -53.2634      0.0678     25.5000
   1370.0000    -52.5646      0.0715     25.5000
   1380.0000    -51.8331      0.0744     25.5000
   1390.0000    -51.0767      0.0765     25.5000
   1400.0000    -50.3036      0.0778     25.5000
   1410.0000    -49.5216      0.0784     25.5000
   1420.0000    -48.7386      0.0781     25.5000
   1430.0000    -47.9623      0.0771     25.5000
   1440.0000    -47.2003      0.0753     25.5000
   1450.0000    -46.4599      0.0729     25.5000
   1460.0000    -45.7478      0.0697     25.5000
   1470.0000    -45.0706      0.0660     25.5000
   1480.0000    -44.4342      0.0616     25.5000
   1490.0000    -43.8442      0.0568     25.5000
   1500.0000    -43.3055      0.0514     25.5000
   1510.0000    -42.8222      0.0457     25.5000
   1520.0000    -42.3982      0.0396     25.5000
   1530.0000    -42.0364      0.0333     25.5000
   1540.0000    -41.7392      0.0268     25.5000
   1550.0000    -41.5083      0.0201     25.5000
   1560.0000    -41.3447      0.0133     25.5000
   1570.0000    -41.2486      0.0066     25.5000
   1580.0000    -41.2198     -0.0001     25.5000
   1590.0000    -41.2571     -0.0067     25.5000
   1600.0000    -41.3589     -0.0130     25.5000
   1610.0000    -41.5229     -0.0191     25.5000
   1620.0000    -41.7462     -0.0249     25.5000
   1630.0000    -42.0254     -0.0303     25.5000
   1640.0000    -42.3567     -0.0353     25.5000
   1650.0000    -42.7357     -0.0399     25.5000
   1660.0000    -43.1576     -0.0440     25.5000
   1670.0000    -43.6176     -0.0476     25.5000
   1680.0000    -44.1102     -0.0506     25.5000
   1690.0000    -44.6301     -0.0530     25.5000
   1700.0000    -45.1715     -0.0549     25.5000
   1710.0000    -45.7286     -0.0563     25.5000
   1720.0000    -46.2957     -0.0570     25.5000
   1730.0000    -46.8669     -0.0571     25.5000
   1740.0000    -47.4366     -0.0567     25.5000
   1750.0000    -47.9991     -0.0558     25.5000
   1760.0000    -48.5491     -0.0543     25.5000
   1770.0000    -49.0813     -0.0523     25.5000
   1780.0000    -49.5909     -0.0498     25.5000
   1790.0000    -50.0733     -0.0469     25.5000
   1800.0000    -50.5242     -0.0436     25.5000
   1810.0000    -50.9398     -0.0399     25.5000
   1820.0000    -51.3168     -0.0359     25.5000
   1830.0000    -51.6521     -0.0316     25.5000
   1840.0000    -51.9433     -0.0271     25.5000
   1850.0000    -52.1884     -0.0224     25.5000
   1860.0000    -52.3858     -0.0176     25.5000
   1870.0000    -52.5346     -0.0127     25.5000
   1880.0000    -52.6343     -0.0078     25.5000
   1890.0000    -52.6849     -0.0029     25.5000
   1900.0000    -52.6867      0.0020     25.5000
   1910.0000    -52.6409      0.0067     25.5000
   1920.0000    -52.5487      0.0113     25.5000
   1930.0000    -52.4120      0.0156     25.5000
   1940.0000    -52.2330      0.0197     25.5000
   1950.0000    -52.0144      0.0236     25.5000
   1960.0000    -51.7590      0.0271     25.5000
   1970.0000    -51.4702      0.0303     25.5000
   1980.0000    -51.1514      0.0331     25.5000
   1990.0000    -50.8063      0.0356     25.5000
   2000.0000    -50.4389      0.0376     25.5000
   2010.0000    -50.0533      0.0393     25.5000
   2020.0000    -49.6536      0.0405     25.5000
   2030.0000    -49.2441      0.0413     25.5000
   2040.0000    -48.8290      0.0416     25.5000
   2050.0000    -48.4124      0.0416     25.5000
   2060.0000    -47.9986      0.0411     25.5000
   2070.0000    -47.5915      0.0403     25.5000
   2080.0000    -47.1951      0.0391     25.5000
   2090.0000    -46.8130      0.0375     25.5000
   2100.0000    -46.4488      0.0355     25.5000
   2110.0000    -46.1056      0.0333     25.5000
   2120.0000    -45.7865      0.0308     25.5000
   2130.0000    -45.4940      0.0280     25.5000
   2140.0000    -45.2307      0.0250     25.5000
   2150.0000    -44.9984      0.0218     25.5000
   2160.0000    -44.7989      0.0184     25.5000
   2170.0000    -44.6335      0.0150     25.5000
   2180.0000    -44.5031      0.0114     25.5000
   2190.0000    -44.4083      0.0079     25.5000
   2200.0000    -44.3495      0.0043     25.5000
   2210.0000    -44.3264      0.0007     25.5000
   2220.0000    -44.3385     -0.0028     25.5000
   2230.0000    -44.3851     -0.0062     25.5000
   2240.0000    -44.4651     -0.0095     25.5000
   2250.0000    -44.5768     -0.0126     25.5000
   2260.0000    -44.7187     -0.0155     25.5000
   2270.0000    -44.8887     -0.0182     25.5000
   2280.0000    -45.0847     -0.0207     25.5000
   2290.0000    -45.3040     -0.0229     25.5000
   2300.0000    -45.5442     -0.0249     25.5000
   2310.0000    -45.8025     -0.0266     25.5000
   2320.0000    -46.0759     -0.0279     25.5000
   2330.0000    -46.3614     -0.0290     25.5000
   2340.0000    -46.6560     -0.0298     25.5000
   2350.0000    -46.9566     -0.0302     25.5000
   2360.0000    -47.2601     -0.0304     25.5000
   2370.0000    -47.5634     -0.0302     25.5000
   2380.0000    -47.8636     -0.0298     25.5000
   2390.0000    -48.1578     -0.0291     25.5000
   2400.0000    -48.4432     -0.0281     25.5000
   2410.0000    -48.7171     -0.0268     25.5000
   2420.0000    -48.9770     -0.0253     25.5000
   2430.0000    -49.2207     -0.0236     25.5000
   2440.0000    -49.4461     -0.0217     25.5000
   2450.0000    -49.6513     -0.0196     25.5000
   2460.0000    -49.8348     -0.0173     25.5000
   2470.0000    -49.9950     -0.0149     25.5000
   2480.0000    -50.1309     -0.0125     25.5000
   2490.0000    -50.2417     -0.0099     25.5000
   2500.0000    -50.3267     -0.0073     25.5000
   2510.0000    -50.3856     -0.0047     25.5000
   2520.0000    -50.4184     -0.0021     25.5000
   2530.0000    -50.4252      0.0005     25.5000
   2540.0000    -50.4065      0.0030     25.5000
   2550.0000    -50.3629      0.0054     25.5000
   2560.0000    -50.2955      0.0078     25.5000
   2570.0000    -50.2052      0.0100     25.5000
   2580.0000    -50.0936      0.0121     25.5000
   2590.0000    -49.9621      0.0140     25.5000
   2600.0000    -49.8123      0.0157     25.5000
   2610.0000    -49.6463      0.0173     25.5000
   2620.0000    -49.4658      0.0186     25.5000
   2630.0000    -49.2729      0.0198     25.5000
   2640.0000    -49.0699      0.0207     25.5000
   2650.0000    -48.8589      0.0214     25.5000
   2660.0000    -48.6422      0.0219     25.5000
   2670.0000    -48.4219      0.0221     25.5000
   2680.0000    -48.2004      0.0221     25.5000
   2690.0000    -47.9799      0.0219     25.5000
   2700.0000    -47.7624      0.0215     25.5000
   2710.0000    -47.5502      0.0209     25.5000
   2720.0000    -47.3452      0.0201     25.5000
   2730.0000    -47.1493      0.0191     25.5000
   2740.0000    -46.9641      0.0180     25.5000
   2750.0000    -46.7915      0.0167     25.5000
   2760.0000    -46.6327      0.0152     25.5000
   2770.0000    -46.4891      0.0136     25.5000
   2780.0000    -46.3618      0.0120     25.5000
   2790.0000    -46.2518      0.0102     25.5000
   2800.0000    -46.1597      0.0084     25.5000
   2810.0000    -46.0862      0.0065     25.5000
   2820.0000    -46.0316      0.0046     25.5000
   2830.0000    -45.9960      0.0027     25.5000
   2840.0000    -45.9795      0.0008     25.5000
   2850.0000    -45.9818     -0.0011     25.5000
   2860.0000    -46.0025     -0.0029     25.5000
   2870.0000    -46.0411     -0.0046     25.5000
   2880.0000    -46.0968     -0.0063     25.5000
   2890.0000    -46.1687     -0.0079     25.5000
   2900.0000    -46.2558     -0.0094     25.5000
   2910.0000    -46.3570     -0.0107     25.5000
   2920.0000    -46.4709     -0.0119     25.5000
   2930.0000    -46.5962     -0.0130     25.5000
   2940.0000    -46.7315     -0.0139     25.5000
   2950.0000    -46.8751     -0.0147     25.5000
   2960.0000    -47.0256     -0.0153     25.5000
   2970.0000    -47.1813     -0.0158     25.5000
   2980.0000    -47.3405     -0.0160     25.5000
   2990.0000    -47.5016     -0.0162     25.5000
   3000.0000    -47.6630     -0.0161     25.5000
   3010.0000    -47.8231     -0.0159     25.5000
   3020.0000    -47.9804     -0.0156     25.5000
   3030.0000    -48.1332     -0.0151     25.5000
   3040.0000    -48.2803     -0.0144     25.5000
   3050.0000    -48.4203     -0.0136     25.5000
   3060.0000    -48.5519     -0.0128     25.5000
   3070.0000    -48.6741     -0.0118     25.5000
   3080.0000    -48.7857     -0.0107     25.5000
   3090.0000    -48.8859     -0.0095     25.5000
   3100.0000    -48.9739     -0.0082     25.5000
   3110.0000    -49.0492     -0.0069     25.5000
   3120.0000    -49.1112     -0.0056     25.5000
   3130.0000    -49.1595     -0.0042     25.5000
   3140.0000    -49.1940     -0.0028     25.5000
   3150.0000    -49.2146     -0.0014     25.5000
   3160.0000    -49.2213     -0.0001     25.5000
   3170.0000    -49.2144      0.0013     25.5000
   3180.0000    -49.1942      0.0026     25.5000
   3190.0000    -49.1612      0.0039     25.5000
   3200.0000    -49.1159      0.0051     25.5000
   3210.0000    -49.0591      0.0062     25.5000
   3220.0000    -48.9915      0.0072     25.5000
   3230.0000    -48.9140      0.0082     25.5000
   3240.0000    -48.8275      0.0090     25.5000
   3250.0000    -48.7332      0.0098     25.5000
   3260.0000    -48.6321      0.0104     25.5000
   3270.0000    -48.5252      0.0109     25.5000
   3280.0000    -48.4139      0.0113     25.5000
   3290.0000    -48.2992      0.0116     25.5000
   3300.0000    -48.1824      0.0117     25.5000
   3310.0000    -48.0646      0.0118     25.5000
   3320.0000    -47.9472      0.0117     25.5000
   3330.0000    -47.8311      0.0115     25.5000
   3340.0000    -47.7176      0.0112     25.5000
   3350.0000    -47.6076      0.0108     25.5000
   3360.0000    -47.5023      0.0103     25.5000
   3370.0000    -47.4025      0.0097     25.5000
   3380.0000    -47.3091      0.0090     25.5000
   3390.0000    -47.2229      0.0083     25.5000
   3400.0000    -47.1447      0.0074     25.5000
   3410.0000    -47.0751      0.0066     25.5000
   3420.0000    -47.0144      0.0056     25.5000
   3430.0000    -46.9633      0.0047     25.5000
   3440.0000    -46.9220      0.0037     25.5000
   3450.0000    -46.8907      0.0027     25.5000
   3460.0000    -46.8695      0.0017     25.5000
   3470.0000    -46.8584      0.0007     25.5000
   3480.0000    -46.8574     -0.0003     25.5000
   3490.0000    -46.8662     -0.0013     25.5000
   3500.0000    -46.8846     -0.0023     25.5000
   3510.0000    -46.9122     -0.0032     25.5000
   3520.0000    -46.9485     -0.0040     25.5000
   3530.0000    -46.9930     -0.0048     25.5000
   3540.0000    -47.0452     -0.0055     25.5000
   3550.0000    -47.1043     -0.0062     25.5000
   3560.0000    -47.1697     -0.0068     25.5000
   3570.0000    -47.2405     -0.0073     25.5000
   3580.0000    -47.3159     -0.0077     25.5000
   3590.0000    -47.3952     -0.0081     25.5000
   3600.0000    -47.4774     -0.0083     25.5000
