      0.0000    -80.0000      0.0000     25.5000
     10.0000    -79.8234      0.0321     25.5000
     20.0000    -79.3275      0.0638     25.5000
     30.0000    -78.5172      0.0950     25.5000
     40.0000    -77.4007      0.1251     25.5000
     50.0000    -75.9890      0.1541     25.5000
     60.0000    -74.2964      0.1814     25.5000
     70.0000    -72.3398      0.2070     25.5000
     80.0000    -70.1387      0.2305     25.5000
     90.0000    -67.7150      0.2517     25.5000
    100.0000    -65.0929      0.2704     25.5000
    110.0000    -62.2986      0.2864     25.5000
    120.0000    -59.3602      0.2995     25.5000
    130.0000    -56.3068      0.3097     25.5000
    140.0000    -53.1689      0.3167     25.5000
    150.0000    -49.9780      0.3206     25.5000
    160.0000    -46.7659      0.3213     25.5000
    170.0000    -43.5646      0.3187     25.5000
    180.0000    -40.4062      0.3130     25.5000
    190.0000    -37.3221      0.3042     25.5000
    200.0000    -34.3432      0.2923     25.5000
    210.0000    -31.4993      0.2775     25.5000
    220.0000    -28.8186      0.2599     25.5000
    230.0000    -26.3281      0.2398     25.5000
    240.0000    -24.0526      0.2172     25.5000
    250.0000    -22.0147      0.1925     25.5000
    260.0000    -20.2350      0.1658     25.5000
    270.0000    -18.7310      0.1375     25.5000
    280.0000    -17.5178      0.1079     25.5000
    290.0000    -16.6076      0.0771     25.5000
    300.0000    -16.0095      0.0456     25.5000
    310.0000    -15.7295      0.0136     25.5000
    320.0000    -15.7703     -0.0185     25.5000
    330.0000    -16.1315     -0.0505     25.5000
    340.0000    -16.8097     -0.0819     25.5000
    350.0000    -17.7979     -0.1125     25.5000
    360.0000    -19.0862     -0.1420     25.5000
    370.0000    -20.6619     -0.1701     25.5000
    380.0000    -22.5091     -0.1964     25.5000
    390.0000    -24.6093     -0.2208     25.5000
    400.0000    -26.9418     -0.2430     25.5000
    410.0000    -29.4831     -0.2628     25.5000
    420.0000    -32.2079     -0.2800     25.5000
    430.0000    -35.0889     -0.2943     25.5000
    440.0000    -38.0974     -0.3057     25.5000
    450.0000    -41.2033     -0.3141     25.5000
    460.0000    -44.3756     -0.3193     25.5000
    470.0000    -47.5827     -0.3214     25.5000
    480.0000    -50.7925     -0.3202     25.5000
    490.0000    -53.9729     -0.3158     25.5000
    500.0000    -57.0923     -0.3083     25.5000
    510.0000    -60.1194     -0.2977     25.5000
    520.0000    -63.0239     -0.2841     25.5000
    530.0000    -65.7770     -0.2677     25.5000
    540.0000    -68.3511     -0.2486     25.5000
    550.0000    -70.7204     -0.2270     25.5000
    560.0000    -72.8614     -0.2032     25.5000
    570.0000    -74.7526     -0.1773     25.5000
    580.0000    -76.3752     -0.1497     25.5000
    590.0000    -77.7130     -0.1206     25.5000
    600.0000    -78.7527     -0.0902     25.5000
    610.0000    -79.4837     -0.0590     25.5000
    620.0000    -79.8988     -0.0271     25.5000
    630.0000    -79.9938      0.0050     25.5000
    640.0000    -79.7678      0.0370     25.5000
    650.0000    -79.2230      0.0687     25.5000
    660.0000    -78.3649      0.0997     25.5000
    670.0000    -77.2021      0.1297     25.5000
    680.0000    -75.7462      0.1584     25.5000
    690.0000    -74.0117      0.1855     25.5000
    700.0000    -72.0161      0.2108     25.5000
    710.0000    -69.7791      0.2339     25.5000
    720.0000    -67.3232      0.2548     25.5000
    730.0000    -64.6727      0.2731     25.5000
    740.0000    -61.8543      0.2886     25.5000
    750.0000    -58.8962      0.3013     25.5000
    760.0000    -55.8278      0.3109     25.5000
    770.0000    -52.6797      0.3175     25.5000
    780.0000    -49.4834      0.3209     25.5000
    790.0000    -46.2709      0.3211     25.5000
    800.0000    -43.0742      0.3181     25.5000
    810.0000    -39.9252      0.3119     25.5000
    820.0000    -36.8554      0.3025     25.5000
    830.0000    -33.8955      0.2902     25.5000
    840.0000    -31.0749      0.2750     25.5000
    850.0000    -28.4219      0.2570     25.5000
    860.0000    -25.9630      0.2364     25.5000
    870.0000    -23.7228      0.2135     25.5000
    880.0000    -21.7235      0.1885     25.5000
    890.0000    -19.9852      0.1616     25.5000
    900.0000    -18.5251      0.1330     25.5000
    910.0000    -17.3579      0.1032     25.5000
    920.0000    -16.4953      0.0723     25.5000
    930.0000    -15.9460      0.0407     25.5000
    940.0000    -15.7153      0.0086     25.5000
    950.0000    -15.8056     -0.0235     25.5000
    960.0000    -16.2161     -0.0554     25.5000
    970.0000    -16.9425     -0.0867     25.5000
    980.0000    -17.9777     -0.1171     25.5000
    990.0000    -19.3113     -0.1464     25.5000
   1000.0000    -20.9298     -0.1742     25.5000
   1010.0000    -22.8173     -0.2003     25.5000
   1020.0000    -24.9547     -0.2244     25.5000
   1030.0000    -27.3208     -0.2462     25.5000
   1040.0000    -29.8920     -0.2656     25.5000
   1050.0000    -32.6426     -0.2824     25.5000
   1060.0000    -35.5451     -0.2963     25.5000
   1070.0000    -38.5706     -0.3072     25.5000
   1080.0000    -41.6887     -0.3151     25.5000
   1090.0000    -44.8684     -0.3198     25.5000
   1100.0000    -48.0779     -0.3214     25.5000
   1110.0000    -51.2852     -0.3197     25.5000
   1120.0000    -54.4582     -0.3149     25.5000
   1130.0000    -57.5652     -0.3068     25.5000
   1140.0000    -60.5752     -0.2958     25.5000
   1150.0000    -63.4582     -0.2817     25.5000
   1160.0000    -66.1854     -0.2649     25.5000
   1170.0000    -68.7295     -0.2454     25.5000
   1180.0000    -71.0650     -0.2235     25.5000
   1190.0000    -73.1688     -0.1993     25.5000
   1200.0000    -75.0197     -0.1732     25.5000
   1210.0000    -76.5994     -0.1453     25.5000
   1220.0000    -77.8920     -0.1160     25.5000
   1230.0000    -78.8847     -0.0855     25.5000
   1240.0000    -79.5673     -0.0541     25.5000
   1250.0000    -79.9333     -0.0222     25.5000
   1260.0000    -79.9788      0.0099     25.5000
   1270.0000    -79.7034      0.0419     25.5000
   1280.0000    -79.1099      0.0735     25.5000
   1290.0000    -78.2042      0.1044     25.5000
   1300.0000    -76.9955      0.1342     25.5000
   1310.0000    -75.4957      0.1627     25.5000
   1320.0000    -73.7198      0.1895     25.5000
   1330.0000    -71.6857      0.2145     25.5000
   1340.0000    -69.4135      0.2373     25.5000
   1350.0000    -66.9260      0.2578     25.5000
   1360.0000    -64.2480      0.2756     25.5000
   1370.0000    -61.4063      0.2907     25.5000
   1380.0000    -58.4292      0.3030     25.5000
   1390.0000    -55.3466      0.3121     25.5000
   1400.0000    -52.1891      0.3182     25.5000
   1410.0000    -48.9883      0.3211     25.5000
   1420.0000    -45.7762      0.3208     25.5000
   1430.0000    -42.5849      0.3173     25.5000
   1440.0000    -39.4461      0.3106     25.5000
   1450.0000    -36.3913      0.3008     25.5000
   1460.0000    -33.4511      0.2880     25.5000
   1470.0000    -30.6546      0.2724     25.5000
   1480.0000    -28.0298      0.2540     25.5000
   1490.0000    -25.6031      0.2331     25.5000
   1500.0000    -23.3986      0.2098     25.5000
   1510.0000    -21.4383      0.1845     25.5000
   1520.0000    -19.7418      0.1573     25.5000
   1530.0000    -18.3260      0.1285     25.5000
   1540.0000    -17.2051      0.0985     25.5000
   1550.0000    -16.3903      0.0674     25.5000
   1560.0000    -15.8897      0.0357     25.5000
   1570.0000    -15.7085      0.0037     25.5000
   1580.0000    -15.8482     -0.0284     25.5000
   1590.0000    -16.3077     -0.0602     25.5000
   1600.0000    -17.0822     -0.0914     25.5000
   1610.0000    -18.1641     -0.1217     25.5000
   1620.0000    -19.5425     -0.1508     25.5000
   1630.0000    -21.2035     -0.1784     25.5000
   1640.0000    -23.1307     -0.2042     25.5000
   1650.0000    -25.3048     -0.2279     25.5000
   1660.0000    -27.7041     -0.2494     25.5000
   1670.0000    -30.3047     -0.2684     25.5000
   1680.0000    -33.0805     -0.2847     25.5000
   1690.0000    -36.0038     -0.2981     25.5000
   1700.0000    -39.0455     -0.3086     25.5000
   1710.0000    -42.1752     -0.3160     25.5000
   1720.0000    -45.3615     -0.3203     25.5000
   1730.0000    -48.5728     -0.3213     25.5000
   1740.0000    -51.7768     -0.3192     25.5000
   1750.0000    -54.9417     -0.3138     25.5000
   1760.0000    -58.0358     -0.3053     25.5000
   1770.0000    -61.0282     -0.2938     25.5000
   1780.0000    -63.8890     -0.2793     25.5000
   1790.0000    -66.5898     -0.2621     25.5000
   1800.0000    -69.1034     -0.2422     25.5000
   1810.0000    -71.4048     -0.2199     25.5000
   1820.0000    -73.4710     -0.1954     25.5000
   1830.0000    -75.2814     -0.1690     25.5000
   1840.0000    -76.8179     -0.1409     25.5000
   1850.0000    -78.0652     -0.1113     25.5000
   1860.0000    -79.0107     -0.0807     25.5000
   1870.0000    -79.6451     -0.0492     25.5000
   1880.0000    -79.9619     -0.0173     25.5000
   1890.0000    -79.9580      0.0148     25.5000
   1900.0000    -79.6335      0.0468     25.5000
   1910.0000    -78.9915      0.0783     25.5000
   1920.0000    -78.0385      0.1090     25.5000
   1930.0000    -76.7840      0.1387     25.5000
   1940.0000    -75.2407      0.1669     25.5000
   1950.0000    -73.4238      0.1935     25.5000
   1960.0000    -71.3516      0.2181     25.5000
   1970.0000    -69.0447      0.2406     25.5000
   1980.0000    -66.5262      0.2607     25.5000
   1990.0000    -63.8212      0.2781     25.5000
   2000.0000    -60.9568      0.2928     25.5000
   2010.0000    -57.9615      0.3046     25.5000
   2020.0000    -54.8653      0.3133     25.5000
   2030.0000    -51.6990      0.3189     25.5000
   2040.0000    -48.4943      0.3213     25.5000
   2050.0000    -45.2833      0.3205     25.5000
   2060.0000    -42.0979      0.3165     25.5000
   2070.0000    -38.9700      0.3093     25.5000
   2080.0000    -35.9308      0.2990     25.5000
   2090.0000    -33.0107      0.2858     25.5000
   2100.0000    -30.2389      0.2697     25.5000
   2110.0000    -27.6429      0.2509     25.5000
   2120.0000    -25.2489      0.2296     25.5000
   2130.0000    -23.0805      0.2060     25.5000
   2140.0000    -21.1596      0.1804     25.5000
   2150.0000    -19.5053      0.1529     25.5000
   2160.0000    -18.1341      0.1240     25.5000
   2170.0000    -17.0596      0.0938     25.5000
   2180.0000    -16.2928      0.0626     25.5000
   2190.0000    -15.8411      0.0308     25.5000
   2200.0000    -15.7093     -0.0013     25.5000
   2210.0000    -15.8985     -0.0333     25.5000
   2220.0000    -16.4069     -0.0651     25.5000
   2230.0000    -17.2293     -0.0962     25.5000
   2240.0000    -18.3577     -0.1263     25.5000
   2250.0000    -19.7806     -0.1552     25.5000
   2260.0000    -21.4838     -0.1825     25.5000
   2270.0000    -23.4504     -0.2080     25.5000
   2280.0000    -25.6607     -0.2314     25.5000
   2290.0000    -28.0926     -0.2525     25.5000
   2300.0000    -30.7220     -0.2711     25.5000
   2310.0000    -33.5224     -0.2870     25.5000
   2320.0000    -36.4660     -0.3000     25.5000
   2330.0000    -39.5232     -0.3100     25.5000
   2340.0000    -42.6637     -0.3169     25.5000
   2350.0000    -45.8560     -0.3207     25.5000
   2360.0000    -49.0683     -0.3212     25.5000
   2370.0000    -52.2684     -0.3186     25.5000
   2380.0000    -55.4245     -0.3127     25.5000
   2390.0000    -58.5049     -0.3038     25.5000
   2400.0000    -61.4789     -0.2918     25.5000
   2410.0000    -64.3169     -0.2769     25.5000
   2420.0000    -66.9905     -0.2592     25.5000
   2430.0000    -69.4729     -0.2389     25.5000
   2440.0000    -71.7394     -0.2163     25.5000
   2450.0000    -73.7674     -0.1915     25.5000
   2460.0000    -75.5366     -0.1648     25.5000
   2470.0000    -77.0294     -0.1364     25.5000
   2480.0000    -78.2309     -0.1067     25.5000
   2490.0000    -79.1289     -0.0759     25.5000
   2500.0000    -79.7146     -0.0443     25.5000
   2510.0000    -79.9821     -0.0123     25.5000
   2520.0000    -79.9287      0.0198     25.5000
   2530.0000    -79.5549      0.0517     25.5000
   2540.0000    -78.8644      0.0831     25.5000
   2550.0000    -77.8643      0.1137     25.5000
   2560.0000    -76.5643      0.1431     25.5000
   2570.0000    -74.9777      0.1711     25.5000
   2580.0000    -73.1203      0.1974     25.5000
   2590.0000    -71.0105      0.2218     25.5000
   2600.0000    -68.6694      0.2439     25.5000
   2610.0000    -66.1205      0.2635     25.5000
   2620.0000    -63.3891      0.2806     25.5000
   2630.0000    -60.5026      0.2948     25.5000
   2640.0000    -57.4897      0.3061     25.5000
   2650.0000    -54.3807      0.3144     25.5000
   2660.0000    -51.2064      0.3195     25.5000
   2670.0000    -47.9987      0.3214     25.5000
   2680.0000    -44.7895      0.3201     25.5000
   2690.0000    -41.6110      0.3156     25.5000
   2700.0000    -38.4947      0.3079     25.5000
   2710.0000    -35.4720      0.2972     25.5000
   2720.0000    -32.5730      0.2835     25.5000
   2730.0000    -29.8265      0.2670     25.5000
   2740.0000    -27.2600      0.2478     25.5000
   2750.0000    -24.8993      0.2261     25.5000
   2760.0000    -22.7678      0.2022     25.5000
   2770.0000    -20.8868      0.1763     25.5000
   2780.0000    -19.2752      0.1486     25.5000
   2790.0000    -17.9488      0.1194     25.5000
   2800.0000    -16.9212      0.0890     25.5000
   2810.0000    -16.2024      0.0577     25.5000
   2820.0000    -15.7999      0.0259     25.5000
   2830.0000    -15.7175     -0.0062     25.5000
   2840.0000    -15.9560     -0.0383     25.5000
   2850.0000    -16.5132     -0.0699     25.5000
   2860.0000    -17.3834     -0.1009     25.5000
   2870.0000    -18.5580     -0.1308     25.5000
   2880.0000    -20.0250     -0.1595     25.5000
   2890.0000    -21.7700     -0.1865     25.5000
   2900.0000    -23.7755     -0.2117     25.5000
   2910.0000    -26.0214     -0.2348     25.5000
   2920.0000    -28.4853     -0.2555     25.5000
   2930.0000    -31.1428     -0.2737     25.5000
   2940.0000    -33.9671     -0.2891     25.5000
   2950.0000    -36.9301     -0.3017     25.5000
   2960.0000    -40.0022     -0.3113     25.5000
   2970.0000    -43.1527     -0.3177     25.5000
   2980.0000    -46.3501     -0.3209     25.5000
   2990.0000    -49.5626     -0.3210     25.5000
   3000.0000    -52.7580     -0.3179     25.5000
   3010.0000    -55.9044     -0.3115     25.5000
   3020.0000    -58.9704     -0.3021     25.5000
   3030.0000    -61.9254     -0.2896     25.5000
   3040.0000    -64.7398     -0.2743     25.5000
   3050.0000    -67.3857     -0.2562     25.5000
   3060.0000    -69.8364     -0.2356     25.5000
   3070.0000    -72.0676     -0.2126     25.5000
   3080.0000    -74.0570     -0.1875     25.5000
   3090.0000    -75.7847     -0.1605     25.5000
   3100.0000    -77.2335     -0.1319     25.5000
   3110.0000    -78.3889     -0.1020     25.5000
   3120.0000    -79.2393     -0.0711     25.5000
   3130.0000    -79.7763     -0.0394     25.5000
   3140.0000    -79.9944     -0.0074     25.5000
   3150.0000    -79.8915      0.0247     25.5000
   3160.0000    -79.4686      0.0566     25.5000
   3170.0000    -78.7299      0.0879     25.5000
   3180.0000    -77.6828      0.1183     25.5000
   3190.0000    -76.3378      0.1475     25.5000
   3200.0000    -74.7083      0.1753     25.5000
   3210.0000    -72.8108      0.2013     25.5000
   3220.0000    -70.6639      0.2253     25.5000
   3230.0000    -68.2893      0.2471     25.5000
   3240.0000    -65.7105      0.2663     25.5000
   3250.0000    -62.9534      0.2830     25.5000
   3260.0000    -60.0456      0.2968     25.5000
   3270.0000    -57.0160      0.3076     25.5000
   3280.0000    -53.8949      0.3153     25.5000
   3290.0000    -50.7135      0.3200     25.5000
   3300.0000    -47.5035      0.3214     25.5000
   3310.0000    -44.2969      0.3196     25.5000
   3320.0000    -41.1259      0.3146     25.5000
   3330.0000    -38.0221      0.3065     25.5000
   3340.0000    -35.0164      0.2953     25.5000
   3350.0000    -32.1390      0.2811     25.5000
   3360.0000    -29.4185      0.2642     25.5000
   3370.0000    -26.8820      0.2446     25.5000
   3380.0000    -24.5551      0.2226     25.5000
   3390.0000    -22.4608      0.1983     25.5000
   3400.0000    -20.6202      0.1721     25.5000
   3410.0000    -19.0514      0.1442     25.5000
   3420.0000    -17.7703      0.1148     25.5000
   3430.0000    -16.7896      0.0842     25.5000
   3440.0000    -16.1192      0.0529     25.5000
   3450.0000    -15.7657      0.0210     25.5000
   3460.0000    -15.7328     -0.0112     25.5000
   3470.0000    -16.0207     -0.0432     25.5000
   3480.0000    -16.6265     -0.0747     25.5000
   3490.0000    -17.5443     -0.1056     25.5000
   3500.0000    -18.7647     -0.1353     25.5000
   3510.0000    -20.2757     -0.1638     25.5000
   3520.0000    -22.0620     -0.1905     25.5000
   3530.0000    -24.1059     -0.2154     25.5000
   3540.0000    -26.3870     -0.2381     25.5000
   3550.0000    -28.8824     -0.2585     25.5000
   3560.0000    -31.5674     -0.2763     25.5000
   3570.0000    -34.4149     -0.2913     25.5000
   3580.0000    -37.3967     -0.3034     25.5000
   3590.0000    -40.4829     -0.3124     25.5000
   3600.0000    -43.6427     -0.3184     25.5000
