      0.0000    -80.0000      0.0000     25.5000
     10.0000    -79.8234      0.0321     25.5000
     20.0000    -79.3276      0.0638     25.5000
     30.0000    -78.5174      0.0950     25.5000
     40.0000    -77.4010      0.1251     25.5000
     50.0000    -75.9895      0.1540     25.5000
     60.0000    -74.2971      0.1814     25.5000
     70.0000    -72.3405      0.2070     25.5000
     80.0000    -70.1394      0.2305     25.5000
     90.0000    -67.7157      0.2517     25.5000
    100.0000    -65.0937      0.2704     25.5000
    110.0000    -62.2995      0.2864     25.5000
    120.0000    -59.3610      0.2995     25.5000
    130.0000    -56.3076      0.3097     25.5000
    140.0000    -53.1698      0.3167     25.5000
    150.0000    -49.9788      0.3206     25.5000
    160.0000    -46.7667      0.3213     25.5000
    170.0000    -43.5654      0.3187     25.5000
    180.0000    -40.4069      0.3130     25.5000
    190.0000    -37.3228      0.3042     25.5000
    200.0000    -34.3439      0.2923     25.5000
    210.0000    -31.4999      0.2775     25.5000
    220.0000    -28.8192      0.2599     25.5000
    230.0000    -26.3286      0.2398     25.5000
    240.0000    -24.0530      0.2172     25.5000
    250.0000    -22.0151      0.1925     25.5000
    260.0000    -20.2352      0.1658     25.5000
    270.0000    -18.7312      0.1375     25.5000
    280.0000    -17.5180      0.1079     25.5000
    290.0000    -16.6077      0.0771     25.5000
    300.0000    -16.0095      0.0456     25.5000
    310.0000    -15.7293      0.0136     25.5000
    320.0000    -15.7700     -0.0185     25.5000
    330.0000    -16.1310     -0.0504     25.5000
    340.0000    -16.8089     -0.0819     25.5000
    350.0000    -17.7968     -0.1125     25.5000
    360.0000    -19.0849     -0.1420     25.5000
    370.0000    -20.6603     -0.1700     25.5000
    380.0000    -22.5072     -0.1964     25.5000
    390.0000    -24.6073     -0.2208     25.5000
    400.0000    -26.9396     -0.2430     25.5000
    410.0000    -29.4807     -0.2628     25.5000
    420.0000    -32.2054     -0.2800     25.5000
    430.0000    -35.0862     -0.2943     25.5000
    440.0000    -38.0946     -0.3057     25.5000
    450.0000    -41.2005     -0.3141     25.5000
    460.0000    -44.3728     -0.3193     25.5000
    470.0000    -47.5799     -0.3214     25.5000
    480.0000    -50.7897     -0.3202     25.5000
    490.0000    -53.9702     -0.3158     25.5000
    500.0000    -57.0896     -0.3083     25.5000
    510.0000    -60.1167     -0.2977     25.5000
    520.0000    -63.0214     -0.2841     25.5000
    530.0000    -65.7746     -0.2677     25.5000
    540.0000    -68.3489     -0.2486     25.5000
    550.0000    -70.7184     -0.2271     25.5000
    560.0000    -72.8596     -0.2032     25.5000
    570.0000    -74.7511     -0.1774     25.5000
    580.0000    -76.3739     -0.1497     25.5000
    590.0000    -77.7120     -0.1206     25.5000
    600.0000    -78.7518     -0.0902     25.5000
    610.0000    -79.4831     -0.0590     25.5000
    620.0000    -79.8984     -0.0272     25.5000
    630.0000    -79.9938      0.0049     25.5000
    640.0000    -79.7681      0.0370     25.5000
    650.0000    -79.2238      0.0686     25.5000
    660.0000    -78.3661      0.0996     25.5000
    670.0000    -77.2038      0.1296     25.5000
    680.0000    -75.7483      0.1583     25.5000
    690.0000    -74.0142      0.1855     25.5000
    700.0000    -72.0189      0.2107     25.5000
    710.0000    -69.7822      0.2339     25.5000
    720.0000    -67.3266      0.2547     25.5000
    730.0000    -64.6764      0.2730     25.5000
    740.0000    -61.8583      0.2886     25.5000
    750.0000    -58.9003      0.3013     25.5000
    760.0000    -55.8319      0.3109     25.5000
    770.0000    -52.6839      0.3175     25.5000
    780.0000    -49.4877      0.3209     25.5000
    790.0000    -46.2751      0.3211     25.5000
    800.0000    -43.0783      0.3181     25.5000
    810.0000    -39.9292      0.3119     25.5000
    820.0000    -36.8592      0.3026     25.5000
    830.0000    -33.8991      0.2902     25.5000
    840.0000    -31.0783      0.2750     25.5000
    850.0000    -28.4250      0.2570     25.5000
    860.0000    -25.9658      0.2365     25.5000
    870.0000    -23.7251      0.2136     25.5000
    880.0000    -21.7254      0.1885     25.5000
    890.0000    -19.9867      0.1616     25.5000
    900.0000    -18.5263      0.1331     25.5000
    910.0000    -17.3587      0.1032     25.5000
    920.0000    -16.4957      0.0723     25.5000
    930.0000    -15.9459      0.0407     25.5000
    940.0000    -15.7147      0.0087     25.5000
    950.0000    -15.8045     -0.0234     25.5000
    960.0000    -16.2144     -0.0553     25.5000
    970.0000    -16.9402     -0.0866     25.5000
    980.0000    -17.9748     -0.1171     25.5000
    990.0000    -19.3078     -0.1464     25.5000
   1000.0000    -20.9258     -0.1742     25.5000
   1010.0000    -22.8128     -0.2003     25.5000
   1020.0000    -24.9499     -0.2244     25.5000
   1030.0000    -27.3157     -0.2462     25.5000
   1040.0000    -29.8866     -0.2656     25.5000
   1050.0000    -32.6369     -0.2823     25.5000
   1060.0000    -35.5393     -0.2963     25.5000
   1070.0000    -38.5646     -0.3072     25.5000
   1080.0000    -41.6826     -0.3151     25.5000
   1090.0000    -44.8623     -0.3198     25.5000
   1100.0000    -48.0719     -0.3214     25.5000
   1110.0000    -51.2793     -0.3197     25.5000
   1120.0000    -54.4524     -0.3149     25.5000
   1130.0000    -57.5597     -0.3069     25.5000
   1140.0000    -60.5701     -0.2958     25.5000
   1150.0000    -63.4534     -0.2818     25.5000
   1160.0000    -66.1810     -0.2650     25.5000
   1170.0000    -68.7255     -0.2455     25.5000
   1180.0000    -71.0616     -0.2235     25.5000
   1190.0000    -73.1659     -0.1994     25.5000
   1200.0000    -75.0174     -0.1732     25.5000
   1210.0000    -76.5976     -0.1453     25.5000
   1220.0000    -77.8908     -0.1160     25.5000
   1230.0000    -78.8840     -0.0855     25.5000
   1240.0000    -79.5673     -0.0542     25.5000
   1250.0000    -79.9338     -0.0223     25.5000
   1260.0000    -79.9800      0.0098     25.5000
   1270.0000    -79.7054      0.0418     25.5000
   1280.0000    -79.1126      0.0734     25.5000
   1290.0000    -78.2077      0.1043     25.5000
   1300.0000    -76.9996      0.1341     25.5000
   1310.0000    -75.5005      0.1626     25.5000
   1320.0000    -73.7252      0.1895     25.5000
   1330.0000    -71.6916      0.2144     25.5000
   1340.0000    -69.4199      0.2373     25.5000
   1350.0000    -66.9328      0.2577     25.5000
   1360.0000    -64.2552      0.2756     25.5000
   1370.0000    -61.4138      0.2907     25.5000
   1380.0000    -58.4369      0.3029     25.5000
   1390.0000    -55.3544      0.3121     25.5000
   1400.0000    -52.1970      0.3182     25.5000
   1410.0000    -48.9961      0.3211     25.5000
   1420.0000    -45.7839      0.3208     25.5000
   1430.0000    -42.5924      0.3173     25.5000
   1440.0000    -39.4533      0.3106     25.5000
   1450.0000    -36.3982      0.3009     25.5000
   1460.0000    -33.4575      0.2881     25.5000
   1470.0000    -30.6605      0.2724     25.5000
   1480.0000    -28.0353      0.2540     25.5000
   1490.0000    -25.6080      0.2331     25.5000
   1500.0000    -23.4028      0.2099     25.5000
   1510.0000    -21.4419      0.1845     25.5000
   1520.0000    -19.7447      0.1573     25.5000
   1530.0000    -18.3282      0.1286     25.5000
   1540.0000    -17.2066      0.0985     25.5000
   1550.0000    -16.3911      0.0675     25.5000
   1560.0000    -15.8897      0.0358     25.5000
   1570.0000    -15.7076      0.0038     25.5000
   1580.0000    -15.8466     -0.0283     25.5000
   1590.0000    -16.3052     -0.0601     25.5000
   1600.0000    -17.0788     -0.0913     25.5000
   1610.0000    -18.1598     -0.1216     25.5000
   1620.0000    -19.5374     -0.1507     25.5000
   1630.0000    -21.1977     -0.1783     25.5000
   1640.0000    -23.1243     -0.2041     25.5000
   1650.0000    -25.2978     -0.2279     25.5000
   1660.0000    -27.6966     -0.2493     25.5000
   1670.0000    -30.2967     -0.2683     25.5000
   1680.0000    -33.0721     -0.2847     25.5000
   1690.0000    -35.9952     -0.2981     25.5000
   1700.0000    -39.0366     -0.3086     25.5000
   1710.0000    -42.1662     -0.3160     25.5000
   1720.0000    -45.3525     -0.3203     25.5000
   1730.0000    -48.5638     -0.3213     25.5000
   1740.0000    -51.7681     -0.3192     25.5000
   1750.0000    -54.9332     -0.3138     25.5000
   1760.0000    -58.0276     -0.3054     25.5000
   1770.0000    -61.0204     -0.2938     25.5000
   1780.0000    -63.8818     -0.2794     25.5000
   1790.0000    -66.5830     -0.2621     25.5000
   1800.0000    -69.0972     -0.2423     25.5000
   1810.0000    -71.3993     -0.2200     25.5000
   1820.0000    -73.4662     -0.1955     25.5000
   1830.0000    -75.2773     -0.1691     25.5000
   1840.0000    -76.8145     -0.1409     25.5000
   1850.0000    -78.0625     -0.1114     25.5000
   1860.0000    -79.0089     -0.0808     25.5000
   1870.0000    -79.6440     -0.0493     25.5000
   1880.0000    -79.9617     -0.0174     25.5000
   1890.0000    -79.9587      0.0148     25.5000
   1900.0000    -79.6351      0.0467     25.5000
   1910.0000    -78.9941      0.0782     25.5000
   1920.0000    -78.0421      0.1089     25.5000
   1930.0000    -76.7887      0.1386     25.5000
   1940.0000    -75.2462      0.1668     25.5000
   1950.0000    -73.4302      0.1934     25.5000
   1960.0000    -71.3587      0.2181     25.5000
   1970.0000    -69.0525      0.2405     25.5000
   1980.0000    -66.5346      0.2606     25.5000
   1990.0000    -63.8302      0.2781     25.5000
   2000.0000    -60.9661      0.2928     25.5000
   2010.0000    -57.9711      0.3045     25.5000
   2020.0000    -54.8751      0.3133     25.5000
   2030.0000    -51.7090      0.3189     25.5000
   2040.0000    -48.5043      0.3213     25.5000
   2050.0000    -45.2932      0.3205     25.5000
   2060.0000    -42.1076      0.3165     25.5000
   2070.0000    -38.9794      0.3093     25.5000
   2080.0000    -35.9399      0.2991     25.5000
   2090.0000    -33.0193      0.2859     25.5000
   2100.0000    -30.2469      0.2698     25.5000
   2110.0000    -27.6503      0.2510     25.5000
   2120.0000    -25.2554      0.2297     25.5000
   2130.0000    -23.0863      0.2061     25.5000
   2140.0000    -21.1645      0.1805     25.5000
   2150.0000    -19.5093      0.1530     25.5000
   2160.0000    -18.1371      0.1241     25.5000
   2170.0000    -17.0617      0.0939     25.5000
   2180.0000    -16.2938      0.0627     25.5000
   2190.0000    -15.8411      0.0309     25.5000
   2200.0000    -15.7081     -0.0012     25.5000
   2210.0000    -15.8961     -0.0332     25.5000
   2220.0000    -16.4033     -0.0650     25.5000
   2230.0000    -17.2246     -0.0961     25.5000
   2240.0000    -18.3518     -0.1262     25.5000
   2250.0000    -19.7736     -0.1551     25.5000
   2260.0000    -21.4758     -0.1824     25.5000
   2270.0000    -23.4415     -0.2079     25.5000
   2280.0000    -25.6510     -0.2313     25.5000
   2290.0000    -28.0822     -0.2524     25.5000
   2300.0000    -30.7109     -0.2710     25.5000
   2310.0000    -33.5107     -0.2869     25.5000
   2320.0000    -36.4538     -0.2999     25.5000
   2330.0000    -39.5108     -0.3100     25.5000
   2340.0000    -42.6511     -0.3169     25.5000
   2350.0000    -45.8433     -0.3207     25.5000
   2360.0000    -49.0556     -0.3212     25.5000
   2370.0000    -52.2559     -0.3186     25.5000
   2380.0000    -55.4123     -0.3128     25.5000
   2390.0000    -58.4931     -0.3038     25.5000
   2400.0000    -61.4677     -0.2918     25.5000
   2410.0000    -64.3064     -0.2769     25.5000
   2420.0000    -66.9807     -0.2593     25.5000
   2430.0000    -69.4640     -0.2390     25.5000
   2440.0000    -71.7315     -0.2164     25.5000
   2450.0000    -73.7605     -0.1916     25.5000
   2460.0000    -75.5308     -0.1649     25.5000
   2470.0000    -77.0247     -0.1365     25.5000
   2480.0000    -78.2272     -0.1068     25.5000
   2490.0000    -79.1265     -0.0760     25.5000
   2500.0000    -79.7134     -0.0444     25.5000
   2510.0000    -79.9821     -0.0125     25.5000
   2520.0000    -79.9299      0.0197     25.5000
   2530.0000    -79.5575      0.0516     25.5000
   2540.0000    -78.8684      0.0830     25.5000
   2550.0000    -77.8695      0.1136     25.5000
   2560.0000    -76.5709      0.1430     25.5000
   2570.0000    -74.9855      0.1710     25.5000
   2580.0000    -73.1291      0.1973     25.5000
   2590.0000    -71.0203      0.2217     25.5000
   2600.0000    -68.6802      0.2438     25.5000
   2610.0000    -66.1320      0.2635     25.5000
   2620.0000    -63.4014      0.2805     25.5000
   2630.0000    -60.5154      0.2948     25.5000
   2640.0000    -57.5030      0.3061     25.5000
   2650.0000    -54.3942      0.3143     25.5000
   2660.0000    -51.2201      0.3194     25.5000
   2670.0000    -48.0124      0.3214     25.5000
   2680.0000    -44.8031      0.3201     25.5000
   2690.0000    -41.6242      0.3156     25.5000
   2700.0000    -38.5076      0.3080     25.5000
   2710.0000    -35.4843      0.2973     25.5000
   2720.0000    -32.5846      0.2836     25.5000
   2730.0000    -29.8373      0.2671     25.5000
   2740.0000    -27.2699      0.2479     25.5000
   2750.0000    -24.9082      0.2262     25.5000
   2760.0000    -22.7756      0.2023     25.5000
   2770.0000    -20.8934      0.1764     25.5000
   2780.0000    -19.2805      0.1487     25.5000
   2790.0000    -17.9529      0.1195     25.5000
   2800.0000    -16.9240      0.0891     25.5000
   2810.0000    -16.2039      0.0579     25.5000
   2820.0000    -15.7999      0.0260     25.5000
   2830.0000    -15.7161     -0.0061     25.5000
   2840.0000    -15.9532     -0.0381     25.5000
   2850.0000    -16.5089     -0.0698     25.5000
   2860.0000    -17.3776     -0.1007     25.5000
   2870.0000    -18.5507     -0.1307     25.5000
   2880.0000    -20.0164     -0.1593     25.5000
   2890.0000    -21.7601     -0.1864     25.5000
   2900.0000    -23.7645     -0.2116     25.5000
   2910.0000    -26.0094     -0.2347     25.5000
   2920.0000    -28.4724     -0.2554     25.5000
   2930.0000    -31.1291     -0.2736     25.5000
   2940.0000    -33.9527     -0.2891     25.5000
   2950.0000    -36.9152     -0.3017     25.5000
   2960.0000    -39.9869     -0.3112     25.5000
   2970.0000    -43.1372     -0.3177     25.5000
   2980.0000    -46.3346     -0.3210     25.5000
   2990.0000    -49.5471     -0.3210     25.5000
   3000.0000    -52.7427     -0.3179     25.5000
   3010.0000    -55.8896     -0.3116     25.5000
   3020.0000    -58.9561     -0.3022     25.5000
   3030.0000    -61.9118     -0.2897     25.5000
   3040.0000    -64.7271     -0.2744     25.5000
   3050.0000    -67.3739     -0.2563     25.5000
   3060.0000    -69.8257     -0.2357     25.5000
   3070.0000    -72.0581     -0.2127     25.5000
   3080.0000    -74.0487     -0.1876     25.5000
   3090.0000    -75.7778     -0.1606     25.5000
   3100.0000    -77.2280     -0.1320     25.5000
   3110.0000    -78.3848     -0.1021     25.5000
   3120.0000    -79.2367     -0.0712     25.5000
   3130.0000    -79.7752     -0.0396     25.5000
   3140.0000    -79.9949     -0.0075     25.5000
   3150.0000    -79.8936      0.0246     25.5000
   3160.0000    -79.4724      0.0564     25.5000
   3170.0000    -78.7353      0.0877     25.5000
   3180.0000    -77.6899      0.1182     25.5000
   3190.0000    -76.3464      0.1474     25.5000
   3200.0000    -74.7185      0.1752     25.5000
   3210.0000    -72.8222      0.2012     25.5000
   3220.0000    -70.6765      0.2252     25.5000
   3230.0000    -68.3030      0.2470     25.5000
   3240.0000    -65.7252      0.2663     25.5000
   3250.0000    -62.9689      0.2829     25.5000
   3260.0000    -60.0617      0.2967     25.5000
   3270.0000    -57.0326      0.3075     25.5000
   3280.0000    -53.9117      0.3153     25.5000
   3290.0000    -50.7304      0.3200     25.5000
   3300.0000    -47.5204      0.3214     25.5000
   3310.0000    -44.3137      0.3196     25.5000
   3320.0000    -41.1423      0.3146     25.5000
   3330.0000    -38.0380      0.3065     25.5000
   3340.0000    -35.0317      0.2954     25.5000
   3350.0000    -32.1534      0.2812     25.5000
   3360.0000    -29.4319      0.2643     25.5000
   3370.0000    -26.8945      0.2447     25.5000
   3380.0000    -24.5663      0.2227     25.5000
   3390.0000    -22.4707      0.1985     25.5000
   3400.0000    -20.6286      0.1723     25.5000
   3410.0000    -19.0584      0.1443     25.5000
   3420.0000    -17.7757      0.1149     25.5000
   3430.0000    -16.7935      0.0844     25.5000
   3440.0000    -16.1214      0.0530     25.5000
   3450.0000    -15.7663      0.0211     25.5000
   3460.0000    -15.7316     -0.0110     25.5000
   3470.0000    -16.0177     -0.0430     25.5000
   3480.0000    -16.6217     -0.0746     25.5000
   3490.0000    -17.5377     -0.1054     25.5000
   3500.0000    -18.7564     -0.1352     25.5000
   3510.0000    -20.2657     -0.1636     25.5000
   3520.0000    -22.0505     -0.1904     25.5000
   3530.0000    -24.0931     -0.2153     25.5000
   3540.0000    -26.3729     -0.2380     25.5000
   3550.0000    -28.8672     -0.2584     25.5000
   3560.0000    -31.5512     -0.2762     25.5000
   3570.0000    -34.3979     -0.2912     25.5000
   3580.0000    -37.3791     -0.3033     25.5000
   3590.0000    -40.4648     -0.3124     25.5000
   3600.0000    -43.6244     -0.3184     25.5000
